0.01635
0.01708
0.01738
0.01753
0.01766
0.01766
0.01767
0.01771
0.01776
0.01778
0.01781
0.01782
0.01784
0.01785
0.01786
0.01786
0.01790
0.01793
0.01794
0.01796
0.01798
0.01801
0.01802
0.01804
0.01805
0.01806
0.01807
0.01807
0.01809
0.01811
0.01812
0.01814
0.01814
0.01816
0.01817
0.01818
0.01818
0.01818
0.01819
0.01820
0.01821
0.01822
0.01823
0.01824
0.01826
0.01826
0.01827
0.01827
0.01828
0.01829
0.01830
0.01830
0.01832
0.01832
0.01832
0.01835
0.01835
0.01838
0.01838
0.01841
0.01841
0.01842
0.01842
0.01842
0.01842
0.01844
0.01846
0.01846
0.01847
0.01847
0.01848
0.01849
0.01849
0.01851
0.01852
0.01852
0.01854
0.01855
0.01859
0.01861
0.01861
0.01862
0.01863
0.01863
0.01866
0.01868
0.01868
0.01871
0.01873
0.01874
0.01877
0.01877
0.01878
0.01879
0.01880
0.01881
0.01882
0.01882
0.01884
0.01885
0.01885
0.01885
0.01887
0.01888
0.01889
0.01891
0.01892
0.01894
0.01894
0.01894